1|0|2|2|1|u|0|_|a|2|2|1
1|0|2|1|0|u|0|_|a|2|1|0
1|0|5|1|1|u|0|_|a|5|1|1
1|0|1|8|4|u|0|_|a|1|8|4
1|0|2|5|2|u|0|_|a|2|5|2
1|0|2|4|3|u|0|_|a|2|4|3
1|0|5|7|1|u|0|_|a|5|7|1
1|0|3|5|9|u|0|_|a|3|5|9
1|1|0|4|1|u|0|_|a|1|0|4|1
1|1|6|9|5|u|0|_|a|1|6|9|5
1|0|5|2|3|u|0|_|a|5|2|3
1|1|2|8|7|u|0|_|a|1|2|8|7
1|0|2|7|8|u|0|_|a|2|7|8
1|0|2|2|9|u|0|_|a|2|2|9
1|0|3|1|8|u|0|_|a|3|1|8
1|0|2|6|8|u|0|_|a|2|6|8
1|0|3|0|5|u|0|_|a|3|0|5
1|0|5|5|0|u|0|_|a|5|5|0
1|0|4|0|7|u|0|_|a|4|0|7
1|0|2|1|2|u|0|_|a|2|1|2
1|0|2|1|6|u|0|_|a|2|1|6
1|0|2|9|3|u|0|_|a|2|9|3
1|0|3|1|2|u|0|_|a|3|1|2
5|0|1|m|o|b|i|l|e
